{"Vdata": {"fire_size": {"mean_base": [[3.9999999999999845], [1.0000000000000002], [2.4938498925692345], [1.0000000000000002], [1.237194580395386e-231]], "mean_scal": [0.20025526483726805, 0.10338225909380953, 0.4047225013693506, 0.10338225909380953, 0.1882577156057622], "parents": null, "variance": [[[2.4158865222393397e-28]], [[4.9303806576313183e-32]], [[0.24996368654507653]], [[4.9303806576313183e-32]], [[1.2371945803953927e-231]]], "type": "lg", "children": ["Hum_pre_30", "Temp_pre_30", "Hum_pre_7"]}, "stat_cause_descr": {"numoutcomes": 13, "cprob": [0.09457562220804085, 0.021186981493299298, 0.009955328653477983, 0.11269942565411614, 0.060242501595405236, 0.003063178047223995, 0.45347798340778556, 0.12954690491384813, 0.0774728781110402, 0.014422463305679643, 0.011359285258455648, 0.010848755583918315, 0.001148691767708998], "parents": null, "vals": ["0", "1", "10", "11", "12", "2", "3", "4", "5", "6", "7", "8", "9"], "type": "discrete", "children": ["remoteness", "Hum_pre_30", "longitude"]}, "latitude": {"mean_base": [[2.485985177984553], [2.485985177984553], [2.485985177984553], [3.999999999999995], [0.5140079623233857]], "mean_scal": [0.13333379714478066, 0.13333379714478066, 0.13333379714478066, 0.19999999999999926, 0.3999986085656588], "parents": null, "variance": [[[0.2778297635446047]], [[0.2778297635446047]], [[0.2778297635446047]], [[2.386304238293558e-29]], [[0.2778231669129498]]], "type": "lg", "children": ["Temp_pre_30", "longitude"]}, "longitude": {"parents": ["Temp_pre_15", "Hum_pre_30", "stat_cause_descr", "latitude"], "type": "lgandd", "children": ["Hum_pre_7"], "hybcprob": {"['0']": {"variance": [[[3.6878880461631486e-214, 0.0, 0.0, 0.0], [0.0, 0.0, 0.0, 0.0], [0.0, 0.0, 0.0, 0.0], [0.0, 0.0, 0.0, 1.1894106008923663e-213]], [[5.048709793414485e-29, 9.306093491279124e-30, 3.917187432488087e-29, 4.190823558986625e-30], [9.133530168262027e-30, 1.5144299175816807, 0.5464978925608746, -0.34759322397916703], [3.8962333146931536e-29, 0.5464978925608746, 1.6546283121694552, -0.006436414400386991], [4.388038785291878e-30, -0.34759322397916703, -0.00643641440038701, 0.8037598324787247]], [[9.663546088957399e-30, -7.1490519535654195e-31, 1.1093356479670479e-30, -1.0846837446788912e-30], [-5.423418723394456e-31, 2.094258582905411, -0.10772826880845177, -0.7656683710741046], [1.4298103907130839e-30, -0.1077282688084518, 0.8790065741295942, 0.2004382761083473], [-9.860761315262648e-31, -0.7656683710741046, 0.20043827610834736, 2.029218407596764]], [[0.4415649850725403, 0.127672809938343, -0.14833750919509506, -0.0328665457040207], [0.127672809938343, 1.3067445024718076, -0.519428306939778, -0.2865528458906062], [-0.14833750919509506, -0.5194283069397778, 1.0466319364491654, -0.2256409155582596], [-0.032866545704020686, -0.2865528458906062, -0.2256409155582596, 1.3306596296386493]], [[3.6878880461631486e-214, 0.0, 0.0, 0.0], [0.0, 0.0, 0.0, 0.0], [0.0, 0.0, 0.0, 0.0], [0.0, 0.0, 0.0, 1.1894106008923663e-213]], [[3.6878880461631486e-214, 0.0, 0.0, 0.0], [0.0, 0.0, 0.0, 0.0], [0.0, 0.0, 0.0, 0.0], [0.0, 0.0, 0.0, 1.1894106008923663e-213]], [[3.6878880461631486e-214, 0.0, 0.0, 0.0], [0.0, 0.0, 0.0, 0.0], [0.0, 0.0, 0.0, 0.0], [0.0, 0.0, 0.0, 1.1894106008923663e-213]], [[3.1554436208840444e-30, 6.79038653109e-312, 3.3526588471893e-30, 5.32481111024183e-30], [6.79038653109e-312, 4.853180206193033e-282, -1.1326852638519703e-281, -1.2942586754185298e-281], [3.3526588471893e-30, -1.1326852638519703e-281, 2.8883071639022475, 0.7775960462536029], [5.32481111024183e-30, -1.2942586754185298e-281, 0.7775960462536029, 0.2221691133869752]], [[0.4331177703830301, 0.3582852181398744, 1.3413162192509717e-216, -0.28200977389407833], [0.3582852181398744, 2.277903628050141, -4.2513335009294745e-216, 0.2869814644113017], [1.3413162192509717e-216, -4.2513335009294745e-216, 4.11274322588976e-216, -2.5686147500367066e-217], [-0.28200977389407833, 0.28698146441130173, -2.5686147500367066e-217, 0.8718290520848975]]], "mean_base": [[3.6878880461631486e-214, 0.0, 0.0, 1.1894106008923663e-213], [4.000000000000007, 1.1865284974093275, 3.0284974093264307, 1.044041450777203], [2.999999999999997, 1.091891891891556, 3.113513513517792, 1.5675675675694565], [0.7722914675181085, 2.4417739739944535, 1.9306008287928074, 2.3168788056866054], [3.6878880461631486e-214, 0.0, 0.0, 1.1894106008923663e-213], [3.6878880461631486e-214, 0.0, 0.0, 1.1894106008923663e-213], [3.6878880461631486e-214, 0.0, 0.0, 1.1894106008923663e-213], [1.9999999999999982, 4.853180206193033e-282, 2.3339031639636545, 3.666825917090312], [1.5457331360055966, 2.2385863554531564, 4.112743225889758e-216, 1.1684900121723012]], "mean_scal": [2.9965533728074402e-18, 0.5209176788124157, 0.24966261808332757, 0.15378453360237418, 2.9965533728074402e-18, 2.9965533728074402e-18, 2.9965533728074402e-18, 0.004047396714904434, 0.07158777278697814]}, "['1']": {"variance": [[[0.2466101910939426, -0.05908626782212372, -0.22007913283316216, -0.3914658685638572], [-0.059086267822123735, 0.4907706156642821, 0.10069949777520706, -0.09452783085634292], [-0.2200791328331621, 0.10069949777520705, 0.44162632589804807, 0.3827619737294594], [-0.3914658685638571, -0.0945278308563429, 0.38276197372945936, 1.5714460828383063]], [[0.39593119558350776, -0.1206815992010704, -0.06237271474801545, -0.27065025503807766], [-0.12068159920107045, 0.40938204722952887, 0.4105188556957538, 0.10694620510388761], [-0.06237271474801545, 0.41051885569575375, 1.4847299868187698, -0.5479129296583318], [-0.27065025503807766, 0.10694620510388761, -0.5479129296583318, 0.6406620742668685]], [[0.0, 0.0, 0.0, 0.0], [0.0, 0.0, 0.0, 0.0], [0.0, 0.0, 0.0, 0.0], [0.0, 0.0, 0.0, 0.0]], [[1.7626992306930918, 0.0, 0.2522249242011793, -0.7213976662854983], [0.0, 0.0, 0.0, 0.0], [0.2522249242011793, 0.0, 1.7178066042665923, 0.3867382717414871], [-0.7213976662854982, 0.0, 0.3867382717414871, 1.5571688876918224]], [[0.2513601612492093, -0.1117158058958805, 0.06230803980299163, -0.029179527699321167], [-0.1117158058958805, 0.376780087189557, -0.1306795226147983, 0.23963160231995617], [0.06230803980299164, -0.1306795226147983, 0.35871450071842714, -0.04402051764165817], [-0.02917952769932117, 0.23963160231995617, -0.04402051764165817, 0.3511168664957552]], [[1.581306493029781, 0.0, 1.054597236972291, 0.35419968139232977], [0.0, 0.0, 0.0, 0.0], [1.054597236972291, 0.0, 2.377849417177124, 1.03469221002008], [0.35419968139233, 0.0, 1.03469221002008, 1.3373629921162196]], [[7.099748146989099e-30, 1.0649622220483648e-29, 7.099748146989099e-30, 2.4651909434371936e-30], [1.0649622220483648e-29, 1.5974433330725472e-29, 1.0649622220483648e-29, 3.9936092546136695e-30], [7.099748146989099e-30, 1.0649622220483648e-29, 7.099748146989099e-30, 2.4651909434371936e-30], [2.662405555120915e-30, 3.993608332681372e-30, 2.662405555120915e-30, 0.999999999999999]], [[0.25382063903915697, 0.17016795560288756, 0.16678425747862438, 6.625243476543781e-07], [0.17016795560288753, 0.22566366481066388, -0.22313272846847046, 0.16705631359688053], [0.16678425747862435, -0.2231327284684704, 1.224789358575536, -0.5011644293761458], [6.625243476574656e-07, 0.16705631359688053, -0.5011644293761458, 0.3341133394437794]], [[1.7749370367472755e-30, 9.773258932564933e-31, 0.0, 1.142869084086879e-31], [1.0954689523674598e-30, 1.4948701033873777, 0.0, -0.04563254379475964], [0.0, 0.0, 0.0, 0.0], [5.084455053182303e-32, -0.04563254379475965, 0.0, 0.5792264803013923]], [[3.1554436208840486e-30, 6.639830721565839e-31, 2.9673969405049122e-30, 4.3938449668487294e-32], [7.395570986446986e-31, 1.429890814290744, -0.10117513938695451, -0.2116467009705602], [2.9952062495110292e-30, -0.1011751393869545, 0.34672521225125874, -0.08819414840329774], [5.768160183439771e-32, -0.21164670097056024, -0.08819414840329773, 1.1906277601525082]]], "mean_base": [[0.44032295965084367, 3.055923413836741, 1.0059453327153118, 2.459564812456444], [0.7320502487813731, 2.305408384227426, 2.5539050118197055, 1.035133474711754], [0.0, 0.0, 0.0, 0.0], [1.7542927001760973, 1.0, 1.9632356704907434, 1.351137464653473], [1.6075295158699783, 2.394043030759585, 1.6808797206533295, 3.2656762670300785], [2.118278519944896, 0.0, 1.7570200126842146, 2.446542605747276], [2.9999999999999973, 3.999999999999996, 2.9999999999999973, 1.0000000000214777], [2.499259660266034, 3.3322091428235363, 1.6659187247197484, 1.000008279236137], [1.9999999999999987, 2.680993214828281, 0.0, 0.48331928899923754], [4.000000000000002, 0.9494179856503007, 3.4336061014374284, 0.9816791664556923]], "mean_scal": [0.10907674126280156, 0.06173871103821522, 1.3376181019580198e-17, 0.12753619364521437, 0.08830556185332235, 0.15517574230803696, 0.012048192770708876, 0.03605970873760264, 0.17465217741407627, 0.23540697097002172]}, "['2']": {"variance": [[[0.515555548854662, 0.044444438247086535, -0.4622222111057112, -0.5155555488546624], [0.044444438247086535, 1.422222230743589, 0.6888889038012811, -0.04444443824708654], [-0.4622222111057112, 0.6888889038012812, 1.848888884512005, 0.4622222111057112], [-0.5155555488546624, -0.04444443824708653, 0.4622222111057112, 0.5155555488546624]], [[1.0400002566021527, 0.0, 2.6993834100531498e-30, 0.9199997150771942], [0.0, 0.0, 0.0, 0.0], [2.7663795501916622e-30, 0.0, 7.099748146989103e-30, 4.854250638472011e-30], [0.9199997150771942, 0.0, 4.776306262080345e-30, 1.36000010230353]], [[3.1554436208840458e-30, 0.0, 3.1554436208840458e-30, 1.7781602048083594e-30], [0.0, 0.0, 0.0, 0.0], [3.1554436208840458e-30, 0.0, 3.1554436208840458e-30, 1.7781602048083594e-30], [1.873544649899903e-30, 0.0, 1.873544649899903e-30, 2.50000000404108]], [[0.5555555555555555, 0.05555555555555554, 0.5555555555555555, 1.6023737137301802e-31], [0.055555555555555566, 0.4722222222222221, -0.6944444444444443, 5.17689969051289e-31], [0.5555555555555555, -0.6944444444444443, 1.805555555555555, 1.9721522630525295e-31], [1.6160692155569339e-31, 5.2316816978199045e-31, 1.6160692155569339e-31, 7.888609052210116e-31]], [[0.0, 0.0, 0.0, 0.0], [0.0, 1.3593750009551202, 0.1666666740701875, -0.328125002680341], [0.0, 0.16666667407018748, 0.22222222778947048, -0.18055555655126304], [0.0, -0.32812500268034106, -0.18055555655126307, 0.7899305645260285]], [[0.23140494725979857, 0.09917354796047717, 0.6033057442548954, 0.46280989451959714], [0.0991735479604772, 1.6528926683891418, 0.4793388370493503, 0.19834709592095437], [0.6033057442548954, 0.4793388370493503, 2.082644523125149, 1.2066114885097907], [0.46280989451959714, 0.1983470959209543, 1.2066114885097907, 0.9256197890391944]], [[0.24000002095220976, 0.31999980709108966, 0.5600001508927261, -0.359999861585243], [0.31999980709108966, 0.5600002402215482, 0.879999294900298, -0.6800000805806075], [0.5600001508927261, 0.879999294900298, 2.2400006019571395, -1.4399994449861417], [-0.359999861585243, -0.6800000805806075, -1.4399994449861417, 1.0399999414884356]], [[7.888609052210101e-29, 0.0, 0.0, 0.0], [0.0, 0.0, 0.0, 0.0], [0.0, 0.0, 0.0, 0.0], [0.0, 0.0, 0.0, 0.0]], [[0.5306122434536779, -0.2040816316771956, 1.9413373839423337e-31, -0.530612243453678], [-0.20408163167719556, 0.6938775509813734, 6.378679975810525e-31, 0.20408163167719562], [1.8715178611392924e-31, 6.207508812083673e-31, 4.4373425918681905e-31, 5.6561168939332096e-31], [-0.530612243453678, 0.20408163167719562, 5.885641910047393e-31, 0.530612243453678]]], "mean_base": [[0.8666666567896276, 2.33333332752331, 1.533333346696386, 1.1333333432103725], [1.6000001304756788, 0.0, 3.9999999999999973, 2.799999902122023], [2.9999999999999982, 0.0, 2.9999999999999982, 1.9999999973059448], [1.6666666666666665, 2.166666666666666, 2.1666666666666665, 3.999999999999999], [4.0, 1.1250000122906425, 3.666666661680559, 0.9583333325908179], [2.6363636782292152, 2.2727272882904983, 1.9090910359048197, 2.2727273564584323], [2.5999998977604033, 0.8000002318203081, 2.399999590033016, 1.5999998709235865], [3.999999999999991, 0.0, 0.0, 0.0], [0.5714285700623594, 2.8571428579625833, 1.9999999999999993, 2.4285714299376395]], "mean_scal": [0.19230769063172412, 0.06410256758749164, 0.05128205114389467, 0.07692307692307691, 0.3076923042913502, 0.14102563196484158, 0.064102575079478, 0.012820512720379196, 0.08974358965776362]}, "['3']": {"variance": [[[0.13889781744611315, 2.311115933264683e-31, 5.777789833161708e-32, 0.02782216565302623], [2.311115933264683e-31, 7.888609052210116e-31, 1.972152263052529e-31, 8.135128085091684e-31], [5.777789833161708e-32, 1.972152263052529e-31, 4.9303806576313227e-32, 2.033782021272921e-31], [0.02782216565302623, 8.135128085091684e-31, 2.033782021272921e-31, 1.1385184112547329]], [[4.437342591868192e-31, 2.0954117794933126e-31, 1.8180778675015506e-31, 2.157041537713704e-31], [1.7872629883913549e-31, 1.6483931947069945, -0.44234404536862, -0.3790170132325141], [2.1262266586035084e-31, -0.44234404536862, 1.332703213610586, 1.0897920604914932], [1.910522504832138e-31, -0.379017013232514, 1.0897920604914932, 1.8241965973534968]], [[1.2621774483536206e-29, 3.893459975573236e-30, 1.4889749586046598e-29, 2.0584339245610777e-30], [4.110704873300116e-30, 2.3103567181926263, -0.04904875148632578, -0.7688585017835909], [1.4889749586046598e-29, -0.04904875148632577, 0.8778240190249698, 0.09994054696789541], [1.1586394545433611e-30, -0.7688585017835909, 0.09994054696789542, 1.7388941736028536]], [[1.2621774483536206e-29, 3.893459975573236e-30, 1.4889749586046598e-29, 2.0584339245610777e-30], [4.110704873300116e-30, 2.3103567181926263, -0.04904875148632578, -0.7688585017835909], [1.4889749586046598e-29, -0.04904875148632577, 0.8778240190249698, 0.09994054696789541], [1.1586394545433611e-30, -0.7688585017835909, 0.09994054696789542, 1.7388941736028536]], [[4.9303806576313227e-32, 2.2803010541544873e-31, 0.0, 1.0477058897466563e-31], [2.341930812374879e-31, 2.6488888888888886, 0.0, 0.7288888888888888], [0.0, 0.0, 0.0, 0.0], [1.1093356479670479e-31, 0.7288888888888887, 0.0, 1.4488888888888884]], [[1.3333921431230053e-227, 0.0, 0.0, 0.0], [0.0, 0.0, 0.0, 0.0], [0.0, 0.0, 0.0, 0.0], [0.0, 0.0, 0.0, 0.0]], [[0.24549024430590716, 0.19471927684504636, -0.20183509416759776, -0.12988081031835], [0.19471927684504634, 0.9121339686564971, -0.351591528583174, -0.22347901493265643], [-0.20183509416759773, -0.351591528583174, 1.0563746055715009, -0.08974887147060129], [-0.12988081031834997, -0.22347901493265632, -0.08974887147060127, 1.0875729073763394]], [[5.0487097934144666e-29, 4.092215945833999e-30, 3.209677808117992e-29, 9.614242282381081e-31], [4.2401273655629385e-30, 1.6791832201290111, 0.29753513605878074, -0.38079371182024013], [3.185025904829835e-29, 0.29753513605878074, 1.0632662651117117, -0.08501003887393732], [1.7749370367472766e-30, -0.38079371182024013, -0.08501003887393735, 0.8202827972147463]]], "mean_base": [[0.8333199402284344, 3.999999999999999, 0.9999999999999998, 3.166919580489453], [1.9999999999999993, 1.2173913043478257, 1.4347826086956519, 2.043478260869565], [3.0000000000000036, 1.4586206896551734, 3.189655172413797, 1.127586206896552], [3.0000000000000036, 1.4586206896551734, 3.189655172413797, 1.127586206896552], [0.9999999999999998, 2.5333333333333323, 0.0, 2.133333333333333], [1.3333921431230053e-227, 0.0, 0.0, 0.0], [0.432845285391918, 1.3433384110538191, 2.32833079447309, 2.9552056010134176], [3.999999999999993, 1.1699346405228752, 3.2875816993464007, 0.8562091503267972]], "mean_scal": [0.006793451001436364, 0.052095130237825596, 0.16421291053227632, 0.16421291053227632, 0.016987542468856174, 2.514661437429573e-18, 0.07587925568033034, 0.5198187995469988]}, "['4']": {"variance": [[[5.296777310238004e-222, 4.1220322387003817e-224, 2.6938334553450396e-252, 6.734583638362599e-253], [4.1220322387004124e-224, 0.4897959183673468, 4.437342591868191e-31, 1.232595164407831e-31], [1.8797160661505735e-252, 4.930380657631324e-31, 1.7749370367472766e-30, 4.437342591868191e-31], [4.699290165376434e-253, 1.232595164407831e-31, 4.437342591868191e-31, 1.1093356479670479e-31]], [[0.6229045704571043, -0.22301086207977397, 4.930380657631324e-32, 0.015611362694924073], [-0.22301086207977394, 1.5175258471425495, 8.628166150854817e-31, -0.06384708024239616], [3.697785493223493e-32, 8.7514256672956e-31, 7.8886090522101146e-31, 1.035379938102578e-30], [0.015611362694924101, -0.06384708024239617, 1.0415429139246171e-30, 0.5940884510654668]], [[2.9385945674737106e-228, 0.0, 0.0, 0.0], [0.0, 0.0, 0.0, 0.0], [0.0, 0.0, 0.0, 0.0], [0.0, 0.0, 0.0, 4.048931171648976e-228]], [[0.13893139933483975, 0.25007813832272524, -0.027840305221790894, 0.05559518823875089], [0.25007813832272524, 1.251312168235925, -0.2508718255517481, -0.1668097722075714], [-0.027840305221790894, -0.2508718255517481, 0.1394096028846195, 0.055660409010517255], [0.05559518823875089, -0.16680977220757146, 0.05566040901051724, 0.2222589572098727]], [[0.3065868549024483, 0.14319331726329237, 0.1142768643435158, -0.3065868549024483], [0.14319331726329237, 1.2191819971871753, -0.187759492259836, -0.1431933172632924], [0.11427686434351579, -0.187759492259836, 0.5431350435771027, -0.11427686434351578], [-0.30658685490244825, -0.14319331726329237, -0.11427686434351576, 0.3065868549024483]], [[7.888609052210116e-31, 5.97808654737798e-31, 1.5037661005775538e-30, 2.465190328815662e-32], [6.409494854920721e-31, 2.1638759849635605, 0.6484054277560705, -0.5864730660063766], [1.4791141972893971e-30, 0.6484054277560705, 1.185611781642319, 0.016151547006520276], [-2.465190328815662e-32, -0.5864730660063766, 0.016151547006520273, 1.1810066459293678]], [[0.9147474433497143, -0.039681189753025536, 0.0, -0.5555377998148082], [-0.03968118975302551, 2.8716919788089026, 0.0, 0.24143227737469466], [0.0, 0.0, 0.0, 0.0], [-0.5555377998148082, 0.2414322773746947, 0.0, 1.1379479079033903]], [[3.155443620884051e-30, 1.0846837446788912e-30, 2.7240353133413064e-30, 4.807121141190541e-31], [1.1832913578315177e-30, 2.7217079061803355, 0.12605527381846723, -0.9488400515777051], [2.785665071561698e-30, 0.12605527381846726, 0.9560999397732661, 0.03773560732060405], [3.3280069439011436e-31, -0.9488400515777051, 0.037735607320604034, 1.861229745334783]], [[0.8810841383536834, -0.22075448859519953, 0.0, -0.18147113420606947], [-0.22075448859519953, 1.0129816010045782, 0.0, 0.11559888993807144], [0.0, 0.0, 0.0, 0.0], [-0.18147113420606942, 0.11559888993807141, 0.0, 1.2066558014289517]], [[2.9385945674737106e-228, 0.0, 0.0, 0.0], [0.0, 0.0, 0.0, 0.0], [0.0, 0.0, 0.0, 0.0], [0.0, 0.0, 0.0, 4.048931171648976e-228]]], "mean_base": [[5.296777310238004e-222, 1.2857142857142854, 3.9999999999999987, 0.9999999999999997], [1.264142372786159, 2.2429793102334243, 1.9999999999999991, 3.258282229326926], [2.9385945674737106e-228, 0.0, 0.0, 4.048931171648976e-228], [0.16673043739028642, 1.500838974099878, 3.1661693854254502, 3.6665564480212427], [0.36782138781427265, 2.4225503204135457, 2.444348242524518, 1.6321786121857265], [3.999999999999999, 1.8801577042794884, 3.2129577614965403, 0.7080877515027844], [1.2803930541498723, 2.3762729863143166, 0.0, 1.6009774414985436], [3.0000000000000018, 1.7253121845786943, 2.7258505927037406, 1.288212638193032], [1.1998265338835985, 2.76261633690552, 1.0, 2.3582088114946766], [2.9385945674737106e-228, 0.0, 0.0, 4.048931171648976e-228]], "mean_scal": [0.014830508474576273, 0.09742743728746497, 4.704334850106595e-18, 0.012717285036493513, 0.11443154886248659, 0.16089509757563272, 0.14777530247358692, 0.23654809573990654, 0.21537472454985243, 4.704334850106595e-18]}, "['5']": {"variance": [[[0.2430555555610064, -0.2777777777796503, 0.08333333332932023, -0.19444444445033007], [-0.2777777777796503, 0.8888888888878179, -0.4999999999971904, 0.38888888889062756], [0.08333333332932023, -0.49999999999719036, 0.33333333333493825, -0.16666666666225224], [-0.19444444445033007, 0.38888888889062756, -0.16666666666225222, 0.22222222222837534]], [[4.437342591868189e-31, 1.4791141972893964e-30, 3.2047474274603596e-31, 1.084683744678891e-30], [1.4544622940012402e-30, 0.6666666666666662, -0.3333333333333331, 9.251858538544636e-18], [3.143117669239969e-31, -0.3333333333333331, 0.22222222222222207, 0.11111111111111104], [1.072357793034813e-30, -3.0839528461787854e-18, 0.11111111111111104, 0.22222222222222207]], [[4.4373425918681813e-29, 5.916456789157575e-29, 2.9582283945787875e-29, 4.4373425918681813e-29], [5.916456789157576e-29, 7.888609052210101e-29, 3.9443045261050506e-29, 5.916456789157576e-29], [2.958228394578788e-29, 3.9443045261050506e-29, 1.9721522630525253e-29, 2.958228394578788e-29], [4.4373425918681813e-29, 5.916456789157575e-29, 2.9582283945787875e-29, 4.4373425918681813e-29]], [[0.24999999999999972, 0.24999999999999972, 1.1832913578315177e-30, -0.24999999999999972], [0.24999999999999972, 0.24999999999999972, 3.9196526228169024e-30, -0.24999999999999972], [1.2079432611196736e-30, 3.944304526105057e-30, 4.930380657631318e-30, 8.874685183736379e-30], [-0.24999999999999972, -0.24999999999999972, 8.89933708702454e-30, 0.24999999999999972]], [[0.2430555555610064, -0.2777777777796503, 0.08333333332932023, -0.19444444445033007], [-0.2777777777796503, 0.8888888888878179, -0.4999999999971904, 0.38888888889062756], [0.08333333332932023, -0.49999999999719036, 0.33333333333493825, -0.16666666666225224], [-0.19444444445033007, 0.38888888889062756, -0.16666666666225222, 0.22222222222837534]], [[0.0, 0.0, 0.0, 0.0], [0.0, 4.4373425918681813e-29, 1.4791141972893938e-29, 5.916456789157575e-29], [0.0, 1.479114197289394e-29, 4.930380657631313e-30, 1.9721522630525253e-29], [0.0, 5.916456789157576e-29, 1.9721522630525253e-29, 7.888609052210101e-29]], [[1.7749370367472755e-30, 8.87468518373638e-31, 8.874685183736378e-31, 1.7749370367472762e-30], [9.121204216617947e-31, 0.6666666666666662, 4.560602108308974e-31, 0.3333333333333331], [8.874685183736378e-31, 4.43734259186819e-31, 4.437342591868189e-31, 8.874685183736381e-31], [1.75028513345912e-30, 0.3333333333333331, 8.7514256672956e-31, 0.6666666666666662]], [[1.9721522630525253e-29, 9.860761315262627e-30, 2.958228394578788e-29, 2.958228394578788e-29], [9.860761315262627e-30, 4.930380657631313e-30, 1.479114197289394e-29, 1.479114197289394e-29], [2.9582283945787875e-29, 1.4791141972893938e-29, 4.4373425918681813e-29, 4.4373425918681813e-29], [2.9582283945787875e-29, 1.4791141972893938e-29, 4.4373425918681813e-29, 4.4373425918681813e-29]], [[0.2430555555610064, -0.2777777777796503, 0.08333333332932023, -0.19444444445033007], [-0.2777777777796503, 0.8888888888878179, -0.4999999999971904, 0.38888888889062756], [0.08333333332932023, -0.49999999999719036, 0.33333333333493825, -0.16666666666225224], [-0.19444444445033007, 0.38888888889062756, -0.16666666666225222, 0.22222222222837534]], [[1.972152263052525e-29, 1.9109470917673886e-29, 3.8830993548199137e-29, 3.8830993548199137e-29], [1.9109470917673892e-29, 3.246446262246883e-15, 3.2464462622469023e-15, 3.2464462622469023e-15], [3.883099354819914e-29, 3.246446262246902e-15, 3.246446262246941e-15, 3.246446262246941e-15], [3.883099354819914e-29, 3.246446262246902e-15, 3.246446262246941e-15, 3.246446262246941e-15]]], "mean_base": [[3.5833333333295188, 1.333333333334937, 3.000000000002405, 2.333333333337344], [0.9999999999999993, 2.999999999999998, 0.6666666666666662, 2.3333333333333317], [2.9999999999999933, 3.999999999999991, 1.9999999999999956, 2.9999999999999933], [0.49999999999999944, 1.4999999999999982, 1.9999999999999978, 3.499999999999996], [3.5833333333295188, 1.333333333334937, 3.000000000002405, 2.333333333337344], [0.0, 2.9999999999999933, 0.9999999999999978, 3.999999999999991], [1.9999999999999987, 0.9999999999999993, 0.9999999999999993, 1.9999999999999987], [1.9999999999999956, 0.9999999999999978, 2.9999999999999933, 2.9999999999999933], [3.5833333333295188, 1.333333333334937, 3.000000000002405, 2.333333333337344], [1.9999999999999956, 1.9999999999999925, 3.999999999999988, 3.999999999999988]], "mean_scal": [0.16666666666706792, 0.12499999999999994, 0.04166666666666671, 0.08333333333333333, 0.16666666666706792, 0.04166666666666671, 0.12499999999999994, 0.041666666666666574, 0.16666666666706792, 0.04166666666546294]}, "['6']": {"variance": [[[0.2917251010518498, 0.009347356581804, 4.642674123605081e-230, -0.07887306556091501], [0.009347356581804007, 1.8939689879930923, 8.987451478490007e-233, -0.2110654367432547], [4.64267412360508e-230, 8.987451478490007e-233, 3.573506262436811e-230, -5.302870272323223e-230], [-0.07887306556091503, -0.2110654367432547, -5.302870272323223e-230, 0.4897448356090383]], [[2.330247400368119, 0.39719316125100307, -0.4906617542451158, 0.16692305098757773], [0.39719316125100307, 1.0726166734084623, -0.1461010043201935, 0.2597969315672394], [-0.4906617542451159, -0.1461010043201935, 0.5509571707332689, -0.02771323722920313], [0.16692305098757776, 0.2597969315672394, -0.02771323722920315, 0.8835327530574935]], [[1.3461130886294752, 2.0078975228203566e-29, 1.2241534394873408, -0.9405356030931237], [2.0226886647932506e-29, 3.865418435582965e-29, 1.0994748866517852e-29, 1.7478199431303043e-29], [1.2241534394873408, 1.0982422914873774e-29, 2.3062734555211675, -0.836992630526116], [-0.9405356030931237, 1.7478199431303043e-29, -0.836992630526116, 1.5308129396853931]], [[1.676657561796058e-267, 1.6766575617952751e-267, 3.3533151235905347e-267, 5.029972685385026e-267], [1.6766575617952747e-267, 2.336267130049975e-13, 4.67253426009995e-13, 9.3450685201999e-13], [3.3533151235905347e-267, 4.67253426009995e-13, 9.3450685201999e-13, 1.86901370403998e-12], [5.029972685385026e-267, 9.3450685201999e-13, 1.86901370403998e-12, 3.73802740807996e-12]], [[0.6052994273264104, -0.11500689741189331, 9.922391073483039e-30, -0.12176787615950857], [-0.11500689741189331, 0.6560660634247658, 2.566263132297104e-29, 0.1018801851695345], [9.922391073483039e-30, 2.566263132297104e-29, 8.33234331139696e-30, 2.1175984924526536e-29], [-0.12176787615950856, 0.1018801851695345, 2.1200636827814692e-29, 0.5556615046849716]], [[6.389773332290171e-29, 7.183564618168839e-29, 3.2121429984468074e-29, 6.180232154340864e-29], [7.165075690702721e-29, 1.4800878402946587, 0.003514734772609135, -0.1423411051006653], [3.1973518564739135e-29, 0.003514734772609121, 1.2881646743743804, 0.7947681249691328], [6.185162534998496e-29, -0.1423411051006653, 0.7947681249691328, 1.6390838022271674]], [[0.187127297474502, 0.014592033517564586, 0.03307212493395156, 0.144806045354187], [0.014592033517564582, 0.4039689296429013, 0.08227996500621143, 0.1727059330132916], [0.033072124933951556, 0.08227996500621143, 0.17086117013857546, 0.10073693546294733], [0.144806045354187, 0.1727059330132916, 0.10073693546294733, 0.39913676877324633]], [[0.2843513398456778, 0.10366607945487422, 0.06813692511320836, 0.0], [0.10366607945487422, 1.644821706483948, 1.5007232385646412, 0.0], [0.06813692511320836, 1.5007232385646412, 2.487528527752672, 0.0], [0.0, 0.0, 0.0, 0.0]], [[0.0, 0.0, 0.0, 0.0], [0.0, 0.49978442154083347, 0.010297609239458702, 1.9413373839423337e-30], [0.0, 0.010297609239458681, 1.0897738192379494, 2.9335764912906377e-30], [0.0, 1.830403819145629e-30, 2.9582283945787943e-30, 7.099748146989108e-30]]], "mean_base": [[0.9775608041679019, 1.7527831271015102, 3.573506262436811e-230, 2.4943504621240637], [1.7330282085312596, 1.6554354953191002, 3.423550615172861, 2.6152025216304846], [1.911970582994067, 4.000000000000006, 1.164939993993565, 1.6017684644915795], [1.676657561796058e-267, 2.336267130051068e-13, 4.672534260102136e-13, 9.345068520204272e-13], [1.2409229706809028, 2.8457007616471324, 1.0000000000000029, 2.860966732093116], [1.999999999999992, 2.2548701661314157, 1.0521575713166809, 1.989495671199713], [0.7507532883818758, 2.338940898265548, 2.2158988091775065, 3.1985481678779357], [3.710858814800712, 2.387570684535353, 2.3448829934456503, 0.0], [0.0, 1.2496643840176442, 2.475330452722611, 4.000000000000003]], "mean_scal": [0.07514856388224149, 0.05112240206379903, 0.15748670793486994, 6.249496339011634e-19, 0.23649677566950963, 0.1575812992214515, 0.07356115422687254, 0.033725155021431384, 0.2148779419798245]}, "['7']": {"variance": [[[0.0, 0.0, 0.0, 0.0], [0.0, 0.0, 0.0, 0.0], [0.0, 0.0, 0.0, 0.0], [0.0, 0.0, 0.0, 4.813549948828299e-227]], [[7.8886090522101146e-31, 4.190823558986625e-31, 2.434375449705466e-31, 5.17689969051289e-31], [4.437342591868191e-31, 1.6234421464131779, -0.21444084332921248, -0.19315713856126157], [2.3727456914850746e-31, -0.21444084332921248, 0.7610010357846908, 0.48113869491129013], [5.423418723394456e-31, -0.1931571385612616, 0.48113869491129013, 1.3706438571285375]], [[7.099748146989103e-30, 8.38164711797325e-31, -1.6146996653742585e-30, -1.035379938102578e-30], [8.874685183736383e-31, 1.6180021203105226, 0.1385041551246537, -0.5089771211654868], [-1.590047762086102e-30, 0.13850415512465372, 1.4416743613419511, -0.14065866420437054], [-7.395570986446986e-31, -0.5089771211654868, -0.14065866420437054, 1.3573407202216066]], [[1.9721522630525304e-31, 2.033782021272921e-31, 1.0477058897466563e-31, 2.2186712959340957e-31], [2.033782021272921e-31, 1.56174489066205, -0.2667770710226203, 0.2183747976965636], [1.0168910106364605e-31, -0.26677707102262027, 1.325906131205541, -0.1977868945011103], [2.0954117794933126e-31, 0.21837479769656365, -0.19778689450111037, 1.5528623583875947]], [[9.66354608895741e-30, -5.2755073036655164e-30, -5.5220263365470826e-30, -5.423418723394456e-31], [-5.2755073036655164e-30, 2.5159819916699417, -0.07071720341227365, -0.6767087449542171], [-5.5220263365470826e-30, -0.07071720341227367, 1.4349846319286739, 0.4191832050654447], [-7.765349535769335e-31, -0.6767087449542171, 0.4191832050654447, 1.516840677639656]], [[0.0, 0.0, 0.0, 0.0], [0.0, 0.0, 0.0, 0.0], [0.0, 0.0, 0.0, 0.0], [0.0, 0.0, 0.0, 4.813549948828299e-227]], [[0.0, 0.0, 0.0, 0.0], [0.0, 1.2049232302876756, -0.09211054471884014, 0.09851254608039628], [0.0, -0.09211054471884014, 1.475255943471544, -0.26703307618436256], [0.0, 0.09851254608039628, -0.26703307618436256, 0.4919123106960282]], [[0.0, 0.0, 0.0, 0.0], [0.0, 0.0, 0.0, 0.0], [0.0, 0.0, 0.0, 0.0], [0.0, 0.0, 0.0, 4.813549948828299e-227]], [[0.0, 0.0, 0.0, 0.0], [0.0, 1.8670078798736718, -1.191942561949698, 7.642090019328552e-31], [0.0, -1.191942561949698, 1.093995108101699, 1.0846837446788912e-30], [0.0, 7.025792437124636e-31, 1.1093356479670479e-30, 1.774937036747276e-30]]], "mean_base": [[0.0, 0.0, 0.0, 4.813549948828299e-227], [1.9999999999999991, 1.9710982658959533, 0.7803468208092483, 1.7167630057803462], [3.9999999999999973, 1.2573099415204676, 3.052631578947369, 1.2280701754385963], [1.0000000000000004, 2.533742331288344, 1.2699386503067487, 2.073619631901841], [3.000000000000003, 1.6515580736543893, 2.5694050991501403, 0.960339943342776], [0.0, 0.0, 0.0, 4.813549948828299e-227], [0.0, 2.164551898693863, 1.7105105914897667, 2.1400063707812325], [0.0, 0.0, 0.0, 4.813549948828299e-227], [0.0, 2.416629453491682, 2.076154140858203, 3.9999999999999987]], "mean_scal": [2.187631575616072e-18, 0.17044334975369457, 0.1684729064039409, 0.1605911330049261, 0.3477832512315271, 2.187631575616072e-18, 0.12341797662109395, 2.187631575616072e-18, 0.029291382984817392]}, "['8']": {"variance": [[[0.2689269550341151, 0.16137500049780487, 0.2709425706698662, -0.06179628608709287], [0.16137500049780487, 0.24982127385755815, 0.16521191331047796, -0.16413645942232527], [0.2709425706698662, 0.16521191331047796, 0.83620590643505, 0.14918663916646743], [-0.06179628608709289, -0.16413645942232527, 0.14918663916646743, 0.43529928421967057]], [[0.8574358974357827, 0.0, 0.4758974358973298, -0.3117948717949531], [0.0, 0.0, 0.0, 0.0], [0.4758974358973298, 0.0, 1.6122024983562706, -0.002603550295925439], [-0.31179487179495313, 0.0, -0.0026035502959254582, 0.9978698224851781]], [[2.332731149212207, -0.032732124307618043, 0.3445577047845652, -3.533378456910957e-218], [-0.03273212430761816, 0.7826977047606208, 0.15104190553934158, 2.803006208466565e-218], [0.3445577047845653, 0.15104190553934158, 1.9520327915452045, -2.7866258593187455e-217], [-3.533378456910956e-218, 2.8030062084665645e-218, -2.7866258593187455e-217, 2.035155137022839e-217]], [[0.5819473880846673, 0.09050501794785781, -0.19782900484009078, -0.23316714733024013], [0.09050501794785781, 0.235119836742843, -0.10550033785872945, -0.1705926568959124], [-0.19782900484009075, -0.10550033785872942, 0.6477749771196079, 0.5235717080908588], [-0.23316714733024016, -0.17059265689591238, 0.5235717080908588, 1.1361987376626863]], [[0.0, 0.0, 0.0, 0.0], [0.0, 0.0, 0.0, 0.0], [0.0, 0.0, 0.0, 0.0], [0.0, 0.0, 0.0, 0.0]], [[0.743847741052239, 0.1405066111479647, 0.1405066111479647, 3.389636702121535e-32], [0.1405066111479647, 0.148772238356524, 0.148772238356524, 1.7256332301709633e-31], [0.1405066111479647, 0.148772238356524, 0.148772238356524, 1.7256332301709633e-31], [4.0059342843254506e-32, 1.7256332301709633e-31, 1.7256332301709633e-31, 4.930380657631325e-32]], [[0.40797725033765847, -0.08237109117466583, 0.3277800980504644, -0.08019715228719415], [-0.08237109117466582, 0.24496460602032075, -0.12273531521992057, -0.04036422404525477], [0.32778009805046443, -0.12273531521992057, 0.4931234309434333, 0.1653433328929689], [-0.08019715228719415, -0.04036422404525477, 0.1653433328929689, 0.24554048518016305]], [[1.3333333333333273, -1.0785207688568521e-32, 0.1413333333333236, -0.5439999999999907], [-1.5407439555097887e-32, 4.930380657631323e-32, 1.232595164407831e-32, 2.850376317693109e-32], [0.1413333333333236, 1.232595164407831e-32, 1.6810666666666616, -0.24053333333332902], [-0.5439999999999907, 3.3125995043460457e-32, -0.24053333333332905, 1.5224888888888803]], [[1.077088713988236, 6.748458525132874e-31, 0.31907486863575146, -0.32919826243567685], [6.840903162463462e-31, 1.9721522630525304e-31, 6.4711246131411125e-31, 2.8965986363584027e-31], [0.31907486863575146, 6.286235338479938e-31, 1.3682630204516424, -0.07709009897504841], [-0.3291982624356768, 2.834968878138011e-31, -0.0770900989750484, 1.0880918971670202]]], "mean_base": [[2.750703259203295, 3.513377029175658, 1.7659003009749508, 1.549059980682582], [2.8000000000000456, 0.0, 2.456410256410298, 1.6461538461538745], [2.7519374451551437, 3.3945604120346196, 3.0840827400389306, 2.035155137022839e-217], [1.2996184212461603, 3.3779264910483358, 0.9216627276909124, 2.875388725931011], [0.0, 0.0, 0.0, 0.0], [3.2726984810747437, 3.8181631054105845, 3.8181631054105845, 1.0000000000000002], [0.8605660137444999, 3.4290295054160445, 2.2862842817313505, 1.4257182679868508], [1.7999999999999932, 1.9999999999999998, 1.8399999999999967, 1.746666666666676], [2.95637219544954, 1.0000000000000004, 2.5568858778454797, 1.4334813481402677]], "mean_scal": [0.08415552929436687, 0.3212520593080672, 0.15788880902684588, 0.09850736156150568, 3.659153772763279e-18, 0.01811991380276752, 0.011487573921288779, 0.12355848434925802, 0.18503026873590006]}, "['9']": {"variance": [[[1.597443333072548e-29, 2.6924456583609857e-30, 3.5757535514899494e-30, 2.8997177781338093e-31], [2.581516497456651e-30, 2.10285714285321, -0.20285714285189158, -0.4657142857037203], [3.469755387808044e-30, -0.20285714285189152, 1.2824489795888274, 0.13102040815814522], [3.6438594547806502e-31, -0.46571428570372037, 0.13102040815814525, 0.9338775510063377]], [[0.5562224961726481, 1.3736708903032957e-218, 0.22290157507362038, 0.16769210149935257], [1.3736708903032957e-218, 3.0221077334124893e-218, 5.4778476870961636e-219, 6.941460603125594e-219], [0.22290157507362038, 5.4778476870961636e-219, 2.1518762621985266, 1.5092288497722024], [0.16769210149935265, 6.941460603125597e-219, 1.5092288497722028, 1.3415370232444812]], [[0.5268286311638186, 0.04647741611239659, -0.05793196782343286, 0.29968239957771825], [0.0464774161123966, 0.26118543588494475, -0.09113683166915901, -0.01527452464923402], [-0.057931967823432864, -0.09113683166915902, 0.24860591592690992, -0.008129593835901117], [0.29968239957771825, -0.015274524649234029, -0.00812959383590113, 0.3845998508974127]], [[0.4100000001193326, 0.11000000030223911, -0.39000000020769804, -0.019999999911634595], [0.11000000030223911, 0.6100000006132008, -0.09000000005252702, -0.020000000249712057], [-0.39000000020769804, -0.09000000005252702, 0.8100000002440811, -0.42000000003638305], [-0.019999999911634595, -0.020000000249712047, -0.420000000036383, 0.4399999999480176]], [[2.6667106165606422, 0.6666776375009948, 0.6666776375009948, 1.3333552750019897], [0.6666776375009948, 0.22222404511804045, 0.22222404511804042, 0.4444480902360809], [0.6666776375009948, 0.22222404511804042, 0.22222404511804042, 0.44444809023608084], [1.3333552750019897, 0.4444480902360809, 0.44444809023608084, 0.8888961804721618]], [[1.0766115785671146, -0.424175843942779, 0.454341943590378, -0.6222696349767368], [-0.4241758439427791, 0.8618266665529333, -0.5556612784204348, -0.13148543447765565], [0.45434194359037805, -0.5556612784204347, 0.6537800741939362, 0.1994381306035582], [-0.6222696349767369, -0.13148543447765568, 0.1994381306035582, 0.8217077655802951]], [[0.0, 0.0, 0.0, 0.0], [0.0, 0.0, 0.0, 0.0], [0.0, 0.0, 0.0, 0.0], [0.0, 0.0, 0.0, 0.0]], [[1.9721522630525273e-29, 4.930380657631318e-30, 1.9721522630525273e-29, 0.0], [4.930380657631318e-30, 1.2325951644078295e-30, 4.930380657631318e-30, 0.0], [1.9721522630525273e-29, 4.930380657631318e-30, 1.9721522630525273e-29, 0.0], [0.0, 0.0, 0.0, 0.0]], [[1.597443333072548e-29, 2.6924456583609857e-30, 3.5757535514899494e-30, 2.8997177781338093e-31], [2.581516497456651e-30, 2.10285714285321, -0.20285714285189158, -0.4657142857037203], [3.469755387808044e-30, -0.20285714285189152, 1.2824489795888274, 0.13102040815814522], [3.6438594547806502e-31, -0.46571428570372037, 0.13102040815814525, 0.9338775510063377]], [[1.9721522630525253e-29, 1.9721522630525253e-29, 0.0, 0.0], [1.9721522630525253e-29, 1.9721522630525253e-29, 0.0, 0.0], [0.0, 0.0, 0.0, 0.0], [0.0, 0.0, 0.0, 0.0]]], "mean_base": [[2.999999999999996, 1.7999999999992435, 2.342857142861657, 0.7428571428537758], [1.3292317987863878, 3.0221077334124893e-218, 1.832308682536594, 3.0000003732968574], [1.107592466453438, 2.5681606220283704, 1.538643513192282, 3.2157254064468956], [0.7000000007519495, 2.699999999681528, 1.700000000099841, 1.5999999991482086], [2.0000000998382825, 1.666661197889488, 2.6666611978894874, 2.333322395778976], [1.3436569072134394, 2.2255022801603737, 1.1730981952117485, 2.8294412879983075], [0.0, 0.0, 0.0, 0.0], [3.9999999999999956, 0.9999999999999989, 3.9999999999999956, 0.0], [2.999999999999996, 1.7999999999992435, 2.342857142861657, 0.7428571428537758], [1.9999999999999956, 1.9999999999999956, 0.0, 0.0]], "mean_scal": [0.30973451327269896, 0.05277262486760514, 0.0821990516349012, 0.08849557510189096, 0.026548233031395422, 0.10396681625243767, 1.9649965037613384e-17, 0.0176991150442478, 0.30973451327269896, 0.008849557522123911]}, "['10']": {"variance": [[[0.9999999999999992, 0.4999999999999996, 1.2500000000162321, -0.9999999999999993], [0.4999999999999996, 0.2499999999999998, 0.6250000000081161, -0.49999999999999967], [1.250000000016232, 0.625000000008116, 1.687500001283894, -1.250000000016232], [-0.9999999999999993, -0.49999999999999967, -1.2500000000162321, 0.9999999999999992]], [[0.2500000622018331, -0.18750003412999558, -0.1250000218511669, -0.062499990994978265], [-0.18750003412999558, 0.6093750525678938, 0.15625003362593537, 0.42187499897901815], [-0.1250000218511669, 0.15625003362593537, 0.4375000143930016, 0.15625000012945853], [-0.062499990994978265, 0.42187499897901815, 0.15625000012945858, 0.9843749884056875]], [[8.439596048060642e-21, 7.88863900723749e-30, 8.44760145738248e-21, 8.439596045102403e-21], [7.88863900723749e-30, 1.2621774483536178e-29, 8.020085848416253e-30, 3.155473575911424e-30], [8.447601457341393e-21, 7.954347439647838e-30, 0.6666666666666661, 8.447601454358512e-21], [8.439596045102403e-21, 3.155473575911424e-30, 8.447601454424251e-21, 8.439596043919101e-21]], [[4.437342591868192e-31, 1.8859963765607575e-31, 7.188042208766075e-32, 3.046270906322211e-31], [1.910522504832138e-31, 2.35204081632653, -1.0153061224489794, -0.9285714285714286], [9.860